CAL DUMP decode - 446 values total
sha256(raw) = 0cd56dc3a067666cfe39888140c128b25ddcc17ea1b80e597fe3048f1c2be537

Header block (249 values, before first flatness band):
  300000000, 127426944, 56451885, 22341247, 1.80178E-04, 1.006844E-06, 1114593600, 1.554024, 1, 4.354821, 5.937605E-02, 5.050619E-04, -6, 140, 1, 65, 3200, -32640, 3095, 1.076, 1.2E-07, 0.3079, 200, 200, 200, 200, 200, 194, 194, 194, 194, 194, 130, 130, 130, 130, 130, 128, -9E-2, -6E-2, .12, 8E-2, 0, -.18, -.18, -.18, -.18, -.18, 0, 0, 0, 0, 0, 0, -2E-2, .80, 1.52, 1.28, .88, .83, .12, -4E-2, 2E-2, -.22, -3E-2, .21, .28, .27, .23, -7E-2, 0, 128, 128, 128, 128, 0, 0, 0, 0, 0, 61, 111, 170, 229, 240, 50, 133, 128, 128, 128, 128, 255, 225, 167, 104, 41, 255, 255, 255, 255, 255, 255, -9E-2, 0, .10, .15, .29, .36, .33, .14, .36, .28, .14, 0, 5E-2, -1E-2, -5E-2, -.17, -.21, .12, -1.03, -1.03, -1.03, -1.03, -1.03, -1.03, -1.03, -1.03, -.70, -.37, -4E-2, .18, .39, .52, .63, .74, .80, .85, .90, .92, .95, .97, .98, .98, .99, .99, 1.00, 1.00, .99, .96, .94, .93, .93, .92, .93, .94, .96, .97, .98, .99, 1.01, 1.02, 1.04, 1.05, 1.04, 1.02, 1.01, .99, .98, .97, .96, .96, .95, .95, .94, .94, .94, .95, .95, .95, .94, .93, .91, .89, .87, .85, .84, .82, .81, .80, .79, .78, .78, .79, .79, .79, .78, .77, .75, .73, .71, .69, .68, .66, .65, .63, .62, .61, .61, .62, .62, .62, .61, .61, .61, .60, .59, .59, .59, .59, .59, .59, .59, .59, .58, .58, .57, .53, .50, .47, .44, .41, .38, .39, .39, .40, .40, .39, .39, .38, .38, .37, .36, .35, .34, .34, .34, .34, .34

  Note: the first five small dB values in the header region are the
  A12 step-attenuator errors (1/2/4/8/16 dB) per service guide Ch.3.

Flatness correction bands: 5

  Band 0: 12.0 MHz -> 2,892.0 MHz  step 72.000 MHz
    points: 41  (arithmetic CHECKS OUT)
    range:  min -0.36 dB   max +2.88 dB
          12.0 MHz:   -0.36   -0.28   -0.28   -0.11   +0.00   -0.03   -0.05   +0.12
         588.0 MHz:   +0.20   +0.37   +0.64   +0.72   +0.87   +1.10   +1.10   +1.03
       1,164.0 MHz:   +1.37   +1.51   +1.78   +2.25   +2.40   +2.21   +2.75   +2.65
       1,740.0 MHz:   +2.25   +2.57   +2.11   +2.32   +2.18   +1.98   +1.88   +1.95
       2,316.0 MHz:   +1.72   +1.75   +1.89   +1.70   +1.81   +2.08   +2.24   +2.47
       2,892.0 MHz:   +2.88

  Band 1: 2,750.0 MHz -> 6,508.4 MHz  step 234.900 MHz
    points: 17  (arithmetic CHECKS OUT)
    range:  min +2.16 dB   max +3.49 dB
       2,750.0 MHz:   +3.49   +3.12   +3.07   +2.78   +2.52   +2.70   +2.30   +2.33
       4,629.2 MHz:   +2.32   +2.29   +2.16   +2.55   +2.67   +2.28   +2.42   +2.46
       6,508.4 MHz:   +2.51

  Band 2: 6,100.0 MHz -> 12,724.0 MHz  step 184.000 MHz
    points: 37  (arithmetic CHECKS OUT)
    range:  min +9.50 dB   max +12.85 dB
       6,100.0 MHz:  +10.47   +9.94   +9.50   +9.59   +9.80  +10.13   +9.82  +10.05
       7,572.0 MHz:  +10.37  +10.97  +11.35  +11.66  +11.67  +11.51  +11.52  +11.39
       9,044.0 MHz:  +11.28  +11.19  +10.84  +10.43  +10.31  +10.73  +11.03  +11.02
      10,516.0 MHz:  +11.15  +11.61  +11.57  +12.15  +12.74  +12.77  +12.85  +12.51
      11,988.0 MHz:  +12.51  +12.00  +11.89  +11.62  +10.98

  Band 3: 12,450.0 MHz -> 19,350.0 MHz  step 230.000 MHz
    points: 31  (arithmetic CHECKS OUT)
    range:  min +4.29 dB   max +6.72 dB
      12,450.0 MHz:   +4.61   +4.63   +4.80   +4.70   +4.85   +4.67   +4.29   +4.65
      14,290.0 MHz:   +4.76   +4.62   +4.87   +5.18   +5.30   +5.00   +5.05   +5.23
      16,130.0 MHz:   +5.30   +5.79   +5.91   +6.01   +6.43   +5.75   +6.07   +6.72
      17,970.0 MHz:   +6.39   +5.96   +6.28   +6.17   +5.94   +5.67   +5.60

  Band 4: 19,100.0 MHz -> 26,500.0 MHz  step 148.000 MHz
    points: 51  (arithmetic CHECKS OUT)
    range:  min +8.69 dB   max +15.50 dB
      19,100.0 MHz:   +8.83   +8.90   +8.69   +9.09   +9.17   +9.58   +9.45   +9.80
      20,284.0 MHz:  +10.11   +9.87  +10.14  +10.33   +9.97   +9.99  +10.09  +10.34
      21,468.0 MHz:  +10.91  +11.05  +10.89  +11.11  +10.92  +11.36  +11.86  +12.36
      22,652.0 MHz:  +12.91  +13.94  +13.65  +12.68  +12.57  +12.13  +11.59  +11.55
      23,836.0 MHz:  +11.34  +11.35  +11.20  +11.87  +11.88  +12.72  +12.87  +13.50
      25,020.0 MHz:  +14.12  +14.65  +13.95  +13.87  +13.32  +12.78  +13.38  +13.53
      26,204.0 MHz:  +14.78  +15.43  +15.50

Trailer block (5 values): -1, 1448, 195, 1181, 560

Coverage: 192/446 values accounted for by verified bands + 249 header + 5 trailer = 446
